#                
# https://vizier.u-strasbg.fr/viz-bin/VizieR-3?-source=J/A%2bA/623/A108/               
#                
Cluster RA_ICRS DE_ICRS logA e E Dist_mod e E AV e E AGTO e E Fe/H r
Blanco1 0.853 -29.958 7.975 7.998 7.943 6.876 6.876 6.876 0.031 0.031 0.031 0.03 0.03 0.03 0 HRS
IC2391 130.292 -52.991 7.561 7.583 7.54 5.908 5.908 5.908 0.093 0.093 0.093 0.091 0.091 0.091 0 HRS
IC2602 160.613 -64.426 7.547 7.563 7.533 5.914 5.914 5.914 0.096 0.096 0.096 0.094 0.094 0.094 0 HRS
IC2714 169.373 -62.719 8.55 8.55 8.55 10.711 10.72 10.704 0.991 1 0.984 0.967 0.976 0.96 0.02 HRS
IC4665 266.554 5.615 7.581 7.636 7.55 7.45 7.495 7.395 0.397 0.43 0.364 0.388 0.42 0.355 -0.03 HRS
IC4756 279.649 5.435 8.987 8.992 8.973 8.401 8.401 8.401 0.397 0.397 0.397 0.388 0.388 0.388 0 HRS
Melotte20 51.617 48.975 7.938 7.944 7.933 5.824 5.842 5.804 0.055 0.073 0.038 0.054 0.071 0.037 0.14 HRS
Melotte22 56.601 24.114 7.937 7.966 7.925 5.667 5.667 5.667 0.14 0.14 0.14 0.137 0.137 0.137 0 HRS
Melotte71 114.383 -12.065 9.112 9.131 9.081 11.548 11.56 11.532 0.483 0.501 0.465 0.471 0.489 0.454 -0.27 HRS
NGC0188 11.798 85.244 9.877 9.878 9.876 11.114 11.13 11.098 0.079 0.09 0.068 0.077 0.088 0.066 0.11 HRS
NGC0752 29.223 37.794 9.17 9.172 9.169 8.091 8.111 8.072 0.157 0.171 0.142 0.153 0.167 0.139 -0.03 HRS
NGC1039 40.531 42.722 8.101 8.207 8.078 8.552 8.552 8.552 0.239 0.239 0.239 0.233 0.233 0.233 0 HRS
NGC1545 65.202 50.221 8.019 8.033 7.999 9.222 9.247 9.197 0.917 0.941 0.895 0.895 0.919 0.874 -0.06 HRS
NGC1662 72.198 10.882 8.957 8.982 8.931 7.84 7.868 7.81 0.615 0.641 0.592 0.6 0.626 0.578 -0.11 HRS
NGC1901 79.561 -68.294 8.918 8.948 8.891 8.059 8.087 8.032 0.146 0.168 0.123 0.143 0.164 0.12 -0.08 HRS
NGC1912 82.167 35.824 8.706 8.722 8.693 10.079 10.097 10.061 0.642 0.657 0.626 0.627 0.641 0.611 -0.1 HRS
NGC2168 92.272 24.336 8.605 8.607 8.604 9.329 9.343 9.321 0.467 0.473 0.458 0.456 0.462 0.447 -0.21 LRS
NGC2251 98.68 8.337 8.489 8.535 8.47 10.713 10.738 10.687 0.717 0.742 0.692 0.7 0.724 0.675 -0.09 HRS
NGC2287 101.499 -20.716 8.486 8.503 8.351 9.085 9.098 9.069 0.059 0.069 0.052 0.058 0.067 0.051 -0.11 HRS
NGC2420 114.602 21.575 9.271 9.276 9.219 12.049 12.076 12.021 0.187 0.216 0.168 0.183 0.211 0.164 -0.05 HRS
NGC2423 114.299 -13.863 8.991 8.992 8.99 9.843 9.857 9.83 0.291 0.303 0.277 0.284 0.296 0.27 0.08 HRS
NGC2425 114.577 -14.885 9.333 9.334 9.332 12.644 12.667 12.62 0.879 0.895 0.863 0.858 0.874 0.842 -0.15 LRS
NGC2447 116.141 -23.853 8.747 8.753 8.742 10.088 10.088 10.088 0.105 0.105 0.105 0.102 0.102 0.102 0 HRS
NGC2451A 115.736 -38.264 7.647 7.663 7.629 6.433 6.433 6.433 0 0 0 0 0 0 0 GES
NGC2451B 116.128 -37.954 7.592 7.604 7.576 7.602 7.631 7.573 0.208 0.232 0.183 0.203 0.226 0.179 0 GES
NGC2482 118.787 -24.263 8.55 8.615 8.532 10.572 10.601 10.545 0.359 0.381 0.334 0.35 0.372 0.326 -0.07 HRS
NGC2516 119.527 -60.8 8.4 8.405 8.394 8.091 8.091 8.091 0.22 0.22 0.22 0.215 0.215 0.215 0 HRS
NGC2527 121.246 -28.122 8.919 8.943 8.909 8.787 8.808 8.766 0.195 0.212 0.178 0.19 0.207 0.174 -0.1 HRS
NGC2547 122.525 -49.198 7.432 7.449 7.414 7.98 7.98 7.98 0.124 0.124 0.124 0.121 0.121 0.121 0 GES
NGC2567 124.645 -30.631 8.542 8.586 8.505 11.269 11.294 11.246 0.468 0.492 0.446 0.457 0.48 0.435 -0.04 HRS
NGC2632 130.054 19.621 8.875 8.877 8.871 6.35 6.35 6.35 0.084 0.084 0.084 0.082 0.082 0.082 0.07 HRS
NGC2682 132.846 11.814 9.561 9.563 9.559 9.726 9.726 9.726 0.115 0.115 0.115 0.112 0.112 0.112 0 HRS
NGC3532 166.417 -58.707 8.601 8.607 8.597 8.43 8.43 8.43 0.068 0.068 0.068 0.066 0.066 0.066 0 HRS
NGC4349 186.048 -61.866 8.451 8.493 8.404 11.492 11.508 11.476 1.161 1.176 1.146 1.133 1.148 1.119 -0.07 HRS
NGC5822 226.051 -54.366 8.95 8.951 8.95 9.537 9.551 9.522 0.349 0.36 0.339 0.341 0.351 0.331 0.08 HRS
NGC6005 238.955 -57.439 8.988 8.99 8.985 12.073 12.092 12.054 1.361 1.375 1.347 1.328 1.342 1.315 0.16 GES
NGC6087 244.721 -57.916 8.046 8.062 8.019 9.942 9.961 9.921 0.453 0.472 0.435 0.442 0.461 0.425 0.21 LRS
NGC6192 250.077 -43.355 8.251 8.252 8.242 11.219 11.237 11.197 1.731 1.744 1.715 1.69 1.702 1.674 0.12 HRS
NGC6475 268.447 -34.841 8.477 8.478 8.477 7.234 7.234 7.234 0.152 0.152 0.152 0.148 0.148 0.148 0.07 HRS
NGC6494 269.237 -18.987 8.68 8.681 8.679 9.096 9.113 9.081 0.851 0.864 0.837 0.831 0.843 0.817 -0.04 HRS
NGC6633 276.845 6.615 8.888 8.894 8.856 7.866 7.89 7.841 0.451 0.476 0.431 0.44 0.465 0.421 -0.08 HRS
NGC6791 290.221 37.778 9.927 9.929 9.925 13.085 13.091 13.078 0.302 0.306 0.297 0.295 0.299 0.29 0.4 HRS
NGC6811 294.34 46.378 8.936 8.948 8.915 10.277 10.289 10.266 0.206 0.215 0.199 0.201 0.21 0.194 0 HRS
NGC6819 295.327 40.19 9.301 9.302 9.301 12.162 12.172 12.151 0.471 0.477 0.466 0.46 0.466 0.455 0 HRS
Alessi5 160.819 -61.081 7.723 7.74 7.609 7.721 7.777 7.69 0.592 0.616 0.562 0.578 0.601 0.549 -0.133 D02
Alessi6 220.058 -66.127 8.777 8.803 8.744 9.552 9.575 9.53 0.719 0.74 0.698 0.702 0.722 0.681 -0.382 K13
Alessi24 260.764 -62.693 7.945 7.969 7.906 8.303 8.332 8.277 0.337 0.363 0.312 0.329 0.354 0.305 -0.154 D02
BH99 159.553 -59.168 7.908 7.943 7.882 8.082 8.114 8.056 0.203 0.225 0.175 0.198 0.22 0.171 0 K13
Collinder140 110.882 -31.966 7.473 7.52 7.429 7.809 7.86 7.759 0.105 0.127 0.078 0.102 0.124 0.076 0.01 PHC
Czernik27 105.83 6.382 9.065 9.084 9.043 12.969 13.002 12.932 0.535 0.569 0.507 0.522 0.555 0.495 -0.38 D02
Harvard5 186.817 -60.77 7.812 7.997 7.751 10.403 10.431 10.375 0.679 0.706 0.651 0.663 0.689 0.635 -0.09 PHC
IC1369 318.033 47.77 8.462 8.464 8.46 12.543 12.56 12.53 2.05 2.063 2.037 2.001 2.014 1.988 0.09 D02
IC2488 141.857 -57.004 8.2 8.225 8.15 10.627 10.644 10.612 0.702 0.715 0.689 0.685 0.698 0.673 0.08 PHC
IC4725 277.937 -19.114 7.984 7.988 7.974 9.156 9.175 9.137 1.087 1.103 1.073 1.061 1.077 1.047 0 PHC
King6 51.982 56.444 8.582 8.584 8.465 9.535 9.553 9.506 1.106 1.131 1.086 1.08 1.104 1.06 0.46 D02
Lynga1 209.994 -62.152 7.934 8.216 7.62 11.762 11.819 11.709 1.509 1.562 1.452 1.473 1.525 1.417 0.02 PHC
NGC0381 17.094 61.586 8.699 8.775 8.634 10.525 10.553 10.492 1.043 1.073 1.014 1.018 1.047 0.99 0.07 D02
NGC2215 95.199 -7.277 8.786 8.841 8.663 9.839 9.868 9.812 0.863 0.896 0.839 0.842 0.875 0.819 -0.4 D02
NGC2281 102.091 41.06 8.779 8.804 8.706 8.465 8.486 8.448 0.137 0.165 0.122 0.134 0.161 0.119 0.13 D02
NGC2343 107.029 -10.619 7.934 7.96 7.896 10.07 10.095 10.044 0.494 0.518 0.471 0.482 0.506 0.46 0.03 PHC
NGC2422 114.147 -14.489 8.104 8.12 8.087 8.255 8.275 8.238 0.197 0.213 0.181 0.192 0.208 0.177 0.09 PHC
NGC2546 123.082 -37.661 7.962 7.993 7.942 9.819 9.84 9.798 0.464 0.48 0.444 0.453 0.469 0.433 0.01 PHC
NGC2658 130.868 -32.662 8.701 8.71 8.689 12.871 12.888 12.855 0.706 0.72 0.692 0.689 0.703 0.675 -0.01 PHC
NGC2818 139.044 -36.624 8.962 8.963 8.955 12.491 12.515 12.475 0.603 0.621 0.588 0.589 0.606 0.574 -0.17 D02
NGC2972 145.058 -50.326 8.642 8.677 8.599 11.405 11.435 11.376 1.198 1.227 1.172 1.169 1.198 1.144 -0.09 PHC
NGC3228 155.378 -51.814 7.424 7.458 7.415 8.341 8.366 8.309 0.131 0.15 0.109 0.128 0.146 0.106 0.01 PHC
NGC4609 190.582 -62.995 7.523 7.536 7.508 10.876 10.901 10.86 1.069 1.089 1.047 1.043 1.063 1.022 0.05 D02
NGC5138 201.829 -59.023 7.638 7.644 7.631 11.495 11.518 11.472 0.755 0.776 0.738 0.737 0.757 0.72 0.12 PHC
NGC5281 206.614 -62.916 7.669 7.765 7.636 10.936 10.963 10.913 0.816 0.839 0.793 0.796 0.819 0.774 -0.02 PHC
NGC5316 208.516 -61.883 8.184 8.191 8.172 10.788 10.807 10.767 0.772 0.788 0.756 0.754 0.769 0.738 0.13 PHC
NGC5460 211.847 -48.285 8.11 8.239 8.02 9.25 9.275 9.226 0.328 0.35 0.307 0.32 0.342 0.3 0.03 PHC
NGC5617 217.452 -60.719 8.14 8.144 8.134 11.657 11.672 11.641 1.592 1.604 1.58 1.554 1.566 1.542 -0.18 D02
NGC6025 240.779 -60.43 8.096 8.106 8.069 9.468 9.487 9.451 0.406 0.423 0.388 0.396 0.413 0.379 0.19 D02
NGC6204 251.538 -47.027 7.576 7.597 7.557 10.503 10.53 10.478 1.291 1.315 1.264 1.26 1.284 1.234 0.02 PHC
NGC6208 252.336 -53.714 9.223 9.23 9.222 10.345 10.363 10.325 0.631 0.643 0.618 0.616 0.628 0.603 -0.01 PHC
NGC6716 283.616 -19.888 7.932 7.964 7.912 9.116 9.147 9.081 0.707 0.737 0.678 0.69 0.719 0.662 -0.31 D02
NGC6830 297.718 23.101 8.005 8.132 7.815 11.871 11.9 11.847 1.514 1.54 1.486 1.478 1.503 1.45 0.22 PHC
NGC6866 300.983 44.158 8.89 8.927 7.888 10.64 10.663 10.588 0.398 0.452 0.375 0.388 0.441 0.366 -0.013 D02
NGC6940 308.626 28.278 9.01 9.671 8.977 10.07 10.088 9.957 0.455 0.476 0.007 0.444 0.465 0.007 0.15 PHC
NGC7092 322.889 48.247 8.491 8.585 8.403 7.218 7.251 7.186 0.049 0.061 0.037 0.048 0.06 0.036 0 PHC
NGC7209 331.224 46.508 8.533 8.571 8.522 10.336 10.353 10.321 0.546 0.561 0.532 0.533 0.548 0.519 0.07 PHC
NGC7243 333.788 49.83 8.006 8.022 7.987 9.743 9.762 9.725 0.573 0.592 0.552 0.559 0.578 0.539 0.03 PHC
NGC7296 337 52.321 7.925 8.183 7.84 12.074 12.1 12.051 0.709 0.735 0.683 0.692 0.717 0.667 -0.02 PHC
Pismis4 128.79 -44.407 7.905 7.922 7.861 9.114 9.135 9.094 0.093 0.103 0.082 0.091 0.101 0.08 -0.2 D02
Ruprecht1 99.084 -14.157 8.502 8.642 8.465 10.787 10.813 10.765 0.697 0.719 0.674 0.68 0.702 0.658 -0.25 D02
Ruprecht93 166.037 -61.372 8.519 8.564 8.449 11.677 11.702 11.654 0.642 0.666 0.618 0.627 0.65 0.603 0.01 K13
Ruprecht115 243.215 -52.393 8.474 8.52 8.398 11.908 11.946 11.871 2.317 2.353 2.281 2.262 2.297 2.226 -0.102 PHC
Ruprecht151 115.315 -16.279 8.614 8.641 8.569 10.359 10.406 10.321 0.587 0.623 0.544 0.573 0.608 0.531 0.153 D02
Trumpler10 131.943 -42.566 7.74 7.751 7.721 7.816 7.844 7.797 0.138 0.152 0.119 0.135 0.148 0.116 -0.12 PHC
Trumpler22 217.783 -61.169 7.385 7.412 7.371 11.869 11.891 11.852 1.834 1.851 1.816 1.79 1.807 1.773 -0.17 D02
ASCC6 26.846 57.722 7.677 7.695 7.658 11.101 11.123 11.079 0.872 0.893 0.853 0.851 0.872 0.833 0 NC
ASCC10 51.87 34.981 8.599 8.637 8.495 8.913 8.95 8.879 0.443 0.477 0.411 0.432 0.466 0.401 0 NC
ASCC13 78.255 44.417 7.647 7.664 7.627 10.151 10.181 10.121 0.678 0.701 0.652 0.662 0.684 0.636 0 NC
ASCC16 81.198 1.655 7.047 7.085 7.045 7.51 7.534 7.45 0.093 0.108 0.078 0.091 0.105 0.076 0 NC
ASCC19 81.982 -1.987 7.086 7.087 7.085 7.478 7.513 7.45 0.056 0.066 0.045 0.055 0.064 0.044 0 NC
ASCC21 82.179 3.527 7.032 7.063 6.96 7.425 7.507 7.367 0.118 0.141 0.096 0.115 0.138 0.094 0 NC
ASCC22 93.656 0.637 8.557 8.618 8.494 9.546 9.582 9.508 0.549 0.585 0.516 0.536 0.571 0.504 0 NC
ASCC23 95.047 46.71 8.48 8.515 8.44 8.854 8.881 8.829 0.283 0.305 0.26 0.276 0.298 0.254 0 NC
ASCC29 103.571 -1.67 7.95 7.985 7.907 10.05 10.083 10.017 0.239 0.266 0.211 0.233 0.26 0.206 0 NC
ASCC32 105.714 -26.512 7.404 7.404 7.403 9.322 9.342 9.29 0.218 0.233 0.198 0.213 0.227 0.193 0 NC
ASCC41 116.674 0.137 8.04 8.083 7.993 7.226 7.272 7.184 0.072 0.091 0.053 0.07 0.089 0.052 0 NC
ASCC58 153.657 -55.001 7.826 7.887 7.745 8.328 8.362 8.295 0.309 0.341 0.282 0.302 0.333 0.275 0 NC
ASCC71 185.033 -67.509 8.051 8.059 8.038 10.546 10.57 10.522 0.727 0.749 0.704 0.71 0.731 0.687 0 NC
ASCC101 288.399 36.369 8.694 8.757 8.596 7.878 7.913 7.844 0.053 0.078 0.03 0.052 0.076 0.029 0 NC
ASCC105 295.548 27.366 7.994 8.013 7.966 8.568 8.595 8.541 0.34 0.363 0.317 0.332 0.354 0.309 0 NC
ASCC108 298.306 39.349 7.911 7.926 7.903 10.149 10.168 10.133 0.341 0.355 0.327 0.333 0.347 0.319 0 NC
ASCC112 304.093 52.061 8.182 8.196 8.165 8.981 9.004 8.956 0.307 0.33 0.287 0.3 0.322 0.28 0 NC
ASCC113 317.933 38.638 8.629 8.677 8.522 8.613 8.633 8.591 0.094 0.113 0.077 0.092 0.11 0.075 0 NC
ASCC114 324.99 53.997 7.746 7.746 7.745 9.759 9.779 9.738 0.899 0.92 0.879 0.878 0.898 0.858 0 NC
ASCC115 329.28 51.558 8.022 8.187 7.941 9.246 9.283 9.205 0.629 0.667 0.59 0.614 0.651 0.576 0 NC
ASCC124 341.924 46.331 7.974 8.118 7.927 9.221 9.247 9.195 0.555 0.578 0.531 0.542 0.564 0.518 0 NC
ASCC128 349.949 54.435 8.486 8.575 8.362 9.047 9.08 9.013 0.453 0.484 0.421 0.442 0.472 0.411 0 NC
Alessi1 13.343 49.536 8.935 8.976 8.9 9.255 9.289 9.22 0.322 0.354 0.291 0.314 0.346 0.284 0 NC
Alessi2 71.602 55.199 8.759 8.803 8.617 8.846 8.872 8.818 0.482 0.506 0.455 0.47 0.494 0.444 0 NC
Alessi8 232.408 -51.227 8.137 8.236 8.083 9.11 9.141 9.079 0.318 0.346 0.287 0.31 0.338 0.28 0 NC
Alessi10 301.233 -10.555 7.746 7.777 7.698 8.416 8.474 8.375 0.423 0.466 0.38 0.413 0.455 0.371 0 NC
Alessi12 310.875 23.871 8.089 8.105 8.067 8.491 8.514 8.467 0.215 0.236 0.196 0.21 0.23 0.191 0 NC
Alessi19 274.741 12.311 7.38 7.399 7.366 8.779 8.813 8.735 0.158 0.181 0.132 0.154 0.177 0.129 0 NC
Alessi21 107.69 -9.363 7.816 7.839 7.79 8.631 8.66 8.601 0.248 0.272 0.225 0.242 0.265 0.22 0 NC
Alessi37 341.961 46.342 8.125 8.17 8.077 9.16 9.187 9.134 0.496 0.52 0.473 0.484 0.508 0.462 0 NC
Alessi60 105.619 -1.12 8.338 8.362 8.293 12.511 12.538 12.484 0.911 0.936 0.887 0.889 0.914 0.866 0 NC
Alessi62 284.026 21.597 8.964 8.997 8.937 8.799 8.823 8.776 0.603 0.627 0.579 0.589 0.612 0.565 0 NC
AlessiTeutsch3 118.228 -53.022 7.986 8.021 7.959 9.1 9.126 9.075 0.418 0.439 0.397 0.408 0.429 0.388 0 NC
AlessiTeutsch11 304.127 52.051 8.179 8.192 8.162 8.983 9.006 8.96 0.312 0.334 0.29 0.305 0.326 0.283 0 NC
AlessiTeutsch12 255.421 -58.981 7.977 8.146 7.926 8.923 8.961 8.886 0.376 0.406 0.338 0.367 0.396 0.33 0 NC
BH111 167.32 -63.834 8.438 8.689 7.567 12.062 12.114 12.01 1.094 1.145 1.043 1.068 1.118 1.018 0 NC
BH164 222.311 -66.465 7.81 7.892 7.605 7.991 8.045 7.928 0.381 0.414 0.326 0.372 0.404 0.318 0 NC
Basel4 87.242 30.19 8.135 8.245 7.941 12.658 12.695 12.622 1.525 1.562 1.491 1.489 1.525 1.455 0 NC
Basel11b 89.547 21.965 8.482 8.517 8.445 11.353 11.389 11.321 1.435 1.465 1.406 1.401 1.43 1.372 0 NC
Berkeley58 0.063 60.937 7.7 7.867 7.531 12.823 12.851 12.795 2.049 2.074 2.023 2 2.024 1.975 0 NC
Berkeley61 12.04 67.199 8.165 8.466 7.713 12.545 12.617 12.484 2.135 2.197 2.062 2.084 2.144 2.013 0 NC
Bochum3 105.86 -5.021 7.576 7.6 7.559 11.953 11.988 11.924 0.696 0.725 0.665 0.679 0.708 0.649 0 NC
Collinder185 125.833 -36.349 7.698 7.724 7.684 10.984 11.01 10.958 0.692 0.716 0.669 0.675 0.699 0.653 0 NC
Collinder258 186.798 -60.767 7.834 7.861 7.817 10.573 10.593 10.552 0.653 0.671 0.632 0.637 0.655 0.617 0 NC
Collinder268 199.543 -67.079 8.384 8.463 8.256 11.938 11.961 11.913 1.253 1.277 1.23 1.223 1.246 1.201 0 NC
Collinder292 237.41 -57.594 8.697 8.74 8.644 10.824 10.849 10.804 0.887 0.906 0.867 0.866 0.884 0.846 0 NC
Collinder338 264.483 -37.657 8.373 8.512 8.078 9.135 9.167 9.1 0.664 0.696 0.633 0.648 0.679 0.618 0 NC
Collinder394 283.092 -20.229 7.969 8.032 7.954 9.227 9.251 9.208 0.683 0.703 0.662 0.667 0.686 0.646 0 NC
Collinder463 27.031 71.738 8.427 8.436 8.424 9.53 9.543 9.516 0.836 0.848 0.823 0.816 0.828 0.803 0 NC
Czernik12 39.853 54.922 9.04 9.805 9.013 11.532 12.104 11.482 0.88 0.925 0.278 0.859 0.903 0.271 0 NC
Czernik19 74.258 28.763 8.003 8.169 7.763 12.28 12.317 12.243 1.949 1.987 1.912 1.902 1.94 1.866 0 NC
Czernik25 93.432 6.953 8.56 8.584 8.534 12.128 12.156 12.093 1.463 1.497 1.439 1.428 1.461 1.405 0 NC
Czernik31 114.238 -20.515 7.329 7.561 7.323 12.658 12.693 12.637 1.481 1.51 1.46 1.446 1.474 1.425 0 NC
ESO16604 137.602 -53.884 8.204 8.22 8.178 10.24 10.275 10.201 0.514 0.551 0.479 0.502 0.538 0.468 0 NC
ESO36811 116.086 -34.628 9.011 9.03 8.991 11.168 11.194 11.143 0.818 0.841 0.793 0.798 0.821 0.774 0 NC
FSR0357 337.723 53.951 7.881 8.017 7.646 13.265 13.305 13.223 1.422 1.461 1.382 1.388 1.426 1.349 0 NC
FSR0716 77.786 45.718 8.868 8.9 8.767 13.143 13.186 13.087 1.065 1.132 1.025 1.04 1.105 1.001 0 NC
FSR0735 73.471 40.859 8.445 8.498 8.364 12.624 12.655 12.594 1.426 1.457 1.397 1.392 1.422 1.364 0 NC
FSR0771 75.919 32.157 8.195 8.446 7.476 11.348 11.397 11.296 2.018 2.07 1.97 1.97 2.021 1.923 0 NC
FSR0866 103.823 29.745 9.255 9.27 9.228 10.885 10.917 10.857 0.487 0.512 0.457 0.475 0.5 0.446 0 NC
FSR0951 95.573 14.65 8.589 9.334 8.522 11.609 11.762 11.582 1.153 1.175 0.511 1.125 1.147 0.499 0 NC
FSR0968 92.843 11.863 7.912 8.183 7.513 11.931 11.972 11.892 1.17 1.21 1.131 1.142 1.181 1.104 0 NC
FSR1063 98.654 -0.265 8.403 8.508 8.113 11.791 11.839 11.741 1.768 1.816 1.72 1.726 1.773 1.679 0 NC
FSR1085 103.29 -0.192 7.825 7.87 7.781 10.876 10.912 10.846 0.446 0.476 0.418 0.435 0.465 0.408 0 NC
FSR1144 104.298 -6.628 7.611 8.96 7.592 11.617 11.769 11.581 0.849 0.882 0.557 0.829 0.861 0.544 0 NC
FSR1211 115.336 -9.607 9.028 9.034 9.021 12.515 12.537 12.488 0.286 0.308 0.26 0.279 0.301 0.254 0 NC
FSR1252 110.659 -18.703 8.82 8.826 8.807 12.82 12.842 12.79 1.036 1.063 1.015 1.011 1.038 0.991 0 NC
FSR1360 120.392 -34.483 8.193 8.259 7.927 11.988 12.019 11.955 1.159 1.187 1.128 1.131 1.159 1.101 0 NC
FSR1723 238.769 -46.014 8.452 8.6 7.7 10.821 10.866 10.788 1.079 1.11 1.029 1.053 1.083 1.004 0 NC
Ferrero11 93.646 0.637 8.554 8.602 8.496 9.512 9.547 9.476 0.571 0.604 0.54 0.557 0.59 0.527 0 NC
Gulliver1 161.582 -57.034 9.153 9.166 9.03 12.061 12.089 12.018 0.502 0.531 0.471 0.49 0.518 0.46 0 NC
Gulliver9 126.998 -47.929 7.154 9.001 7.127 8.302 8.345 7.503 0.138 0.155 0.093 0.135 0.151 0.091 0 NC
Gulliver20 273.736 11.082 8.289 8.934 8.021 7.983 8.021 7.944 0.149 0.173 0.125 0.145 0.169 0.122 0 NC
Gulliver21 106.961 -25.462 8.472 8.509 8.258 8.972 8.996 8.947 0.187 0.208 0.168 0.183 0.203 0.164 0 NC
Gulliver36 123.185 -35.111 9.053 9.083 9.021 10.37 10.395 10.346 0.356 0.377 0.336 0.347 0.368 0.328 0 NC
Gulliver44 127.249 -38.095 9.182 9.202 9.157 9.925 9.95 9.9 0.502 0.522 0.486 0.49 0.51 0.474 0 NC
Haffner3 106.027 -6.133 8.64 8.718 8.457 12.201 12.244 12.154 1.135 1.183 1.093 1.108 1.155 1.067 0 NC
Haffner6 109.998 -13.151 8.734 8.76 8.69 13.163 13.189 13.136 1.46 1.486 1.432 1.425 1.45 1.398 0 NC
Haffner9 111.175 -17.001 8.648 8.672 8.613 12.354 12.382 12.324 1.611 1.637 1.584 1.572 1.598 1.546 0 NC
Haffner13 115.209 -30.073 7.497 7.514 7.474 8.634 8.663 8.604 0.168 0.188 0.145 0.164 0.184 0.142 0 NC
Haffner14 116.182 -28.384 8.291 8.293 8.289 13.197 13.216 13.179 1.892 1.908 1.876 1.847 1.862 1.831 0 NC
Haffner21 120.288 -27.212 8.478 8.62 8.2 12.419 12.459 12.382 0.686 0.723 0.649 0.67 0.706 0.633 0 NC
Haffner22 123.108 -27.913 9.276 9.278 9.275 12.468 12.49 12.446 0.497 0.515 0.479 0.485 0.503 0.468 0 NC
Haffner23 107.389 -16.866 8.699 8.737 8.645 11.425 11.454 11.398 0.63 0.657 0.603 0.615 0.641 0.589 0 NC
Haffner26 123.911 -30.851 8.708 8.741 8.675 12.326 12.352 12.297 0.569 0.599 0.548 0.555 0.585 0.535 0 NC
Harvard10 244.859 -54.957 7.899 7.971 7.86 9.548 9.573 9.526 0.722 0.743 0.7 0.705 0.725 0.683 0 NC
IC2157 91.183 24.091 7.618 7.912 7.469 11.909 11.948 11.873 1.507 1.541 1.467 1.471 1.504 1.432 0 NC
King4 39.028 59.024 7.646 7.837 7.439 12.446 12.484 12.41 2.411 2.447 2.374 2.353 2.389 2.317 0 NC
King20 353.305 58.469 8.543 8.644 8.343 11.478 11.527 11.428 2.067 2.118 2.02 2.018 2.067 1.972 0 NC
Koposov12 90.245 35.287 8.542 8.561 8.524 12.1 12.125 12.075 1.531 1.554 1.508 1.494 1.517 1.472 0 NC
Loden1194 212.006 -59.786 8.515 8.559 8.393 9.163 9.19 9.133 0.338 0.365 0.314 0.33 0.356 0.306 0 NC
Lynga2 216.085 -61.328 7.933 7.965 7.914 9.862 9.885 9.839 0.691 0.71 0.669 0.674 0.693 0.653 0 NC
Mamajek4 276.635 -50.772 8.824 8.871 8.761 8.029 8.057 8.005 0.199 0.222 0.175 0.194 0.217 0.171 0 NC
NGC0225 10.805 61.774 8.254 8.668 7.879 9.249 9.29 9.206 0.821 0.862 0.781 0.801 0.841 0.762 0 NC
NGC0581 23.339 60.659 7.418 7.437 7.324 12.117 12.142 12.086 1.213 1.23 1.19 1.184 1.201 1.162 0 NC
NGC1220 47.92 53.344 7.957 8.174 7.649 12.518 12.567 12.468 2.162 2.21 2.113 2.11 2.157 2.062 0 NC
NGC1528 63.878 51.218 8.596 8.634 8.557 9.975 9.995 9.952 0.794 0.814 0.777 0.775 0.795 0.758 0 NC
NGC1582 67.985 43.718 8.419 8.47 7.917 10.031 10.06 10.001 0.974 1.008 0.947 0.951 0.984 0.924 0 NC
NGC1664 72.763 43.676 8.673 8.691 8.666 10.626 10.646 10.606 0.708 0.726 0.691 0.691 0.709 0.674 0 NC
NGC1750 75.926 23.695 8.617 9.046 8.616 9.07 9.102 8.951 0.659 0.686 0.376 0.643 0.67 0.367 0 NC
NGC1758 76.175 23.813 8.741 8.76 8.709 9.844 9.871 9.821 0.926 0.95 0.907 0.904 0.927 0.885 0 NC
NGC1960 84.084 34.135 7.408 7.408 7.408 10.256 10.276 10.237 0.657 0.673 0.638 0.641 0.657 0.623 0 NC
NGC2184 91.69 -2 8.941 8.974 8.908 8.603 8.631 8.574 0.319 0.345 0.291 0.311 0.337 0.284 0 NC
NGC2302 102.977 -7.086 7.873 7.894 7.85 10.513 10.546 10.483 0.636 0.665 0.609 0.621 0.649 0.594 0 NC
NGC2323 105.684 -8.365 7.975 7.985 7.957 9.822 9.838 9.809 0.474 0.487 0.463 0.463 0.475 0.452 0 NC
NGC2353 108.641 -10.257 7.905 8.84 7.704 10.293 10.388 10.235 0.368 0.397 0.182 0.359 0.388 0.178 0 NC
NGC2358 109.261 -17.143 8.701 9.532 8.681 9.711 9.739 9.68 0.123 0.146 0.003 0.12 0.143 0.003 0 NC
NGC2374 111.016 -13.235 8.586 8.632 8.56 10.416 10.445 10.384 0.425 0.452 0.399 0.415 0.441 0.389 0 NC
NGC2383 111.174 -20.949 8.222 8.231 8.212 12.658 12.681 12.64 1.027 1.044 1.01 1.002 1.019 0.986 0 NC
NGC2396 111.984 -11.725 7.89 7.902 7.882 10.725 10.743 10.707 0.305 0.323 0.286 0.298 0.315 0.279 0 NC
NGC2432 115.223 -19.078 8.848 8.9 8.838 11.479 11.524 11.455 0.74 0.76 0.68 0.722 0.742 0.664 0 NC
NGC2448 116.034 -24.837 7.997 8.009 7.977 10.163 10.184 10.142 0.119 0.133 0.104 0.116 0.13 0.102 0 NC
NGC2645 129.774 -46.235 7.425 7.498 7.401 11.295 11.323 11.267 1.292 1.319 1.263 1.261 1.287 1.233 0 NC
NGC2659 130.634 -44.999 7.434 7.474 7.404 11.809 11.836 11.779 1.492 1.517 1.464 1.456 1.481 1.429 0 NC
NGC2669 131.611 -52.931 7.913 7.933 7.896 10.254 10.274 10.237 0.62 0.636 0.601 0.605 0.621 0.587 0 NC
NGC2866 140.526 -51.1 7.718 7.847 7.541 12.575 12.605 12.543 1.967 1.995 1.938 1.92 1.947 1.892 0 NC
NGC2910 142.643 -52.913 7.678 7.709 7.648 10.784 10.807 10.762 0.858 0.88 0.835 0.837 0.859 0.815 0 NC
NGC2925 143.321 -53.413 8.184 8.576 8.051 9.383 9.412 9.354 0.292 0.32 0.263 0.285 0.312 0.257 0 NC
NGC3330 159.659 -54.148 7.769 7.811 7.763 11.051 11.074 11.03 0.401 0.421 0.387 0.391 0.411 0.378 0 NC
NGC3496 164.877 -60.335 8.646 9.226 8.631 11.973 12.497 11.956 1.447 1.468 0.758 1.412 1.433 0.74 0 NC
NGC4103 181.628 -61.245 7.436 7.437 7.436 11.414 11.429 11.398 0.994 1.012 0.98 0.97 0.988 0.957 0 NC
NGC4439 187.119 -60.097 7.778 7.789 7.765 11.562 11.593 11.533 1.064 1.092 1.037 1.039 1.066 1.012 0 NC
NGC4463 187.466 -64.8 7.54 7.574 7.513 11.3 11.33 11.272 1.439 1.466 1.412 1.405 1.431 1.378 0 NC
NGC4852 195.046 -59.607 7.54 9.024 7.527 10.667 10.695 10.618 1.224 1.251 0.841 1.195 1.221 0.821 0 NC
NGC5749 222.204 -54.502 7.812 7.852 7.778 10.351 10.378 10.323 1.024 1.05 1.001 1 1.025 0.977 0 NC
NGC6152 248.213 -52.629 8.236 9.36 8.226 10.986 11.052 10.962 1.059 1.08 0.669 1.034 1.054 0.653 0 NC
NGC6242 253.878 -39.474 7.767 7.771 7.762 10.378 10.396 10.357 0.988 1.005 0.972 0.964 0.981 0.949 0 NC
NGC6249 254.445 -44.815 7.316 7.331 7.303 10.491 10.532 10.453 1.377 1.413 1.344 1.344 1.379 1.312 0 NC
NGC6531 271.036 -22.505 7.046 7.046 7.046 10.19 10.211 10.17 0.757 0.779 0.737 0.739 0.76 0.719 0 NC
NGC6704 282.687 -5.203 8.237 8.266 8.233 11.783 11.804 11.752 2.26 2.285 2.232 2.206 2.23 2.179 0 NC
NGC6709 282.836 10.334 8.239 8.321 8.221 10.197 10.216 10.177 0.814 0.83 0.797 0.795 0.81 0.778 0 NC
NGC6728 284.715 -8.953 8.768 8.79 8.752 11.035 11.064 11.01 0.715 0.732 0.696 0.698 0.715 0.679 0 NC
NGC6793 290.817 22.159 8.758 8.821 8.615 8.648 8.671 8.623 0.677 0.698 0.654 0.661 0.681 0.638 0 NC
NGC6800 291.664 25.008 8.539 8.687 8.483 10.252 10.291 10.218 1.085 1.12 1.046 1.059 1.093 1.021 0 NC
NGC6997 314.128 44.64 8.742 8.796 8.669 10.193 10.218 10.168 1.643 1.666 1.618 1.604 1.626 1.579 0 NC
NGC7058 320.448 50.822 7.598 7.632 7.573 7.807 7.845 7.767 0.26 0.299 0.224 0.254 0.292 0.219 0 NC
NGC7063 321.122 36.507 8.274 8.478 8.03 9.101 9.131 9.069 0.326 0.356 0.295 0.318 0.347 0.288 0 NC
NGC7235 333.083 57.271 7.006 7.007 7.005 13.163 13.182 13.142 2.516 2.536 2.497 2.456 2.475 2.437 0 NC
NGC7281 336.259 57.869 7.471 7.734 7.455 11.887 11.916 11.858 1.512 1.535 1.485 1.476 1.498 1.45 0 NC
NGC7788 359.179 61.395 7.269 7.277 7.261 12.519 12.539 12.494 1.627 1.648 1.611 1.588 1.609 1.572 0 NC
Platais3 69.976 71.28 8.319 8.519 8.222 6.097 6.148 6.052 0.221 0.255 0.185 0.216 0.249 0.181 0 NC
Platais9 139.241 -43.862 7.894 7.947 7.871 6.027 6.082 5.951 0 0 0 0 0 0 0 NC
Platais10 205.22 -59.271 7.962 8.055 7.888 6.861 6.923 6.799 0.277 0.324 0.232 0.27 0.316 0.226 0 NC
Pozzo1 122.374 -47.335 7.117 7.178 7.087 7.495 7.586 7.428 0.163 0.188 0.136 0.159 0.184 0.133 0 NC
Roslund3 299.695 20.509 7.643 7.673 7.614 11.203 11.229 11.178 1.035 1.056 1.011 1.01 1.031 0.987 0 NC
Roslund6 307.185 39.798 7.976 8.025 7.96 7.597 7.628 7.566 0.144 0.169 0.122 0.141 0.165 0.119 0 NC
Ruprecht29 115.279 -24.377 8.162 8.469 7.626 11.569 11.608 11.528 0.601 0.643 0.563 0.587 0.628 0.55 0 NC
Ruprecht34 116.478 -20.386 8.865 8.903 8.821 11.82 11.854 11.782 0.362 0.385 0.341 0.353 0.376 0.333 0 NC
Ruprecht44 119.708 -28.558 7.132 7.27 7.108 13.849 13.878 13.822 1.885 1.906 1.857 1.84 1.86 1.813 0 NC
Ruprecht50 120.872 -30.873 8.578 8.659 8.503 11.709 11.75 11.673 0.575 0.61 0.536 0.561 0.595 0.523 0 NC
Ruprecht58 123.71 -31.938 8.706 8.713 8.692 12.359 12.382 12.336 0.675 0.697 0.658 0.659 0.68 0.642 0 NC
Ruprecht67 130.464 -43.363 8.651 8.737 8.459 11.08 11.124 11.03 1.292 1.341 1.248 1.261 1.309 1.218 0 NC
Ruprecht76 141.077 -51.651 8.298 8.489 7.812 11.56 11.606 11.512 1.287 1.336 1.24 1.256 1.304 1.21 0 NC
Ruprecht82 146.421 -54.004 8.548 8.624 8.499 11.718 11.742 11.694 1.036 1.059 1.012 1.011 1.034 0.988 0 NC
Ruprecht84 147.281 -65.259 8.48 8.558 8.417 11.324 11.363 11.288 0.529 0.559 0.486 0.516 0.546 0.474 0 NC
Ruprecht98 179.715 -64.581 8.756 8.786 8.719 8.339 8.373 8.308 0.5 0.53 0.47 0.488 0.517 0.459 0 NC
Ruprecht108 203.002 -58.509 7.951 8.316 7.925 9.964 9.999 9.931 0.492 0.526 0.461 0.48 0.513 0.45 0 NC
Ruprecht161 152.4 -61.259 7.986 8.035 7.935 9.757 9.783 9.731 0.321 0.344 0.295 0.313 0.336 0.288 0 NC
Ruprecht176 243.676 -51.332 8.168 8.193 8.075 12.059 12.083 12.035 1.678 1.704 1.653 1.638 1.663 1.613 0 NC
Stephenson1 283.568 36.899 7.435 7.488 7.323 7.71 7.776 7.653 0.157 0.198 0.113 0.153 0.193 0.11 0 NC
Stock1 294.146 25.163 8.676 8.702 8.652 7.906 7.935 7.876 0.387 0.412 0.357 0.378 0.402 0.348 0 NC
Stock10 84.808 37.85 8.06 8.246 8.023 7.574 7.613 7.537 0.255 0.286 0.227 0.249 0.279 0.222 0 NC
Stock12 353.923 52.685 8.188 8.514 8.095 8.07 8.098 8.04 0.27 0.296 0.244 0.264 0.289 0.238 0 NC
Stock23 49.075 60.377 7.973 8.011 7.912 8.903 8.934 8.872 0.751 0.779 0.72 0.733 0.76 0.703 0 NC
Teutsch35 294.091 35.742 7.9 7.937 7.888 8.38 8.406 8.35 0 0 0 0 0 0 0 NC
Teutsch61 113.661 -19.793 7.686 7.906 7.454 12.555 12.594 12.518 1.765 1.801 1.728 1.723 1.758 1.687 0 NC
Tombaugh1 105.126 -20.569 8.991 9.008 8.967 12.191 12.214 12.169 0.791 0.812 0.766 0.772 0.793 0.748 0 NC
Trumpler1 23.915 61.283 7.513 7.642 7.268 12.595 12.624 12.568 1.785 1.812 1.757 1.742 1.769 1.715 0 NC
Trumpler2 39.232 55.905 7.962 8.023 7.929 9.335 9.356 9.314 0.954 0.975 0.936 0.931 0.952 0.914 0 NC
Trumpler7 111.849 -23.949 7.692 7.706 7.674 11.172 11.199 11.149 0.841 0.865 0.819 0.821 0.844 0.799 0 NC
Trumpler9 118.911 -25.888 7.486 7.504 7.479 12.309 12.338 12.291 0.868 0.884 0.845 0.847 0.863 0.825 0 NC
Trumpler11 151.248 -61.619 7.325 7.326 7.325 12.941 12.964 12.919 0.752 0.773 0.73 0.734 0.755 0.713 0 NC
Trumpler12 151.621 -60.29 8.898 8.901 8.885 12.567 12.591 12.546 0.567 0.587 0.545 0.553 0.573 0.532 0 NC
Trumpler18 167.826 -60.656 7.665 7.695 7.638 11.085 11.11 11.061 0.908 0.931 0.883 0.886 0.909 0.862 0 NC
Trumpler21 203.068 -62.787 7.69 7.699 7.669 10.559 10.581 10.534 0.723 0.745 0.699 0.706 0.727 0.682 0 NC
Trumpler26 262.126 -29.487 8.561 8.661 8.417 10.57 10.606 10.532 1.512 1.547 1.477 1.476 1.51 1.442 0 NC
Trumpler29 265.347 -40.158 7.762 7.795 7.72 10.671 10.694 10.648 0.751 0.769 0.732 0.733 0.751 0.715 0 NC
Trumpler30 269.182 -35.298 8.566 8.621 8.494 10.501 10.526 10.475 0.931 0.955 0.907 0.909 0.932 0.885 0 NC
Waterloo7 111.532 -15.09 7.653 7.877 7.343 12.831 12.871 12.786 1.321 1.36 1.282 1.289 1.327 1.251 0 NC
